HouseCanary=0.415154887
Budgerigar=0.252916667
LesserHedgehogTenrec=0.12242268
Cow=0.017681268
Pig=0.02083
RedFox=0.063853962
Tiger=0.025529309
AmericanMink=0.047016364
Megabat=0.091533145
Microbat=0.298965517
Armadillo=0.030408794
TasmanianDevil=0.018383495
Opossum=0.016427885
Koala=0.026824106
Hedgehog=0.023467491
Hyrax=0.029828804
Rabbit=0.030700217
Pika=0.059853211
Platypus=0.042357178
Sloth=0.03983097
Marmoset=0.10176
Bushbaby=0.059771689
Human=0.144865
Tarsier=0.060884956
NakedMoleRatMale=0.112407932
GuineaPig=0.039993741
LongTailedChinchilla=0.051596061
GoldenHamster=0.02487061
PrairieVole=0.045082988
NorthernAmericanDeerMouse=0.088668293
LesserEgyptianJerboa=0.050126667
KangarooRat=0.070211297
MongolianGerbil=0.053083333
Mouse=0.060222222
Rat=0.02578637
Degu=0.067194389
Squirrel=0.039141633
Shrew=0.132571429
BengaleseFinch=0.209106796
Chicken=0.066476015
DarkEyedJunco=0.185759444
Duck=0.116057647
WhiteThroatedSparrow=0.205059406
Donkey=0.043668958
