CommonCanary=6.015899485
Budgerigar=4.652468385
LesserHedgehogTenrec=3.400749171
Cow=1.81828718
Pig=2.343263384
RedFox=2.93679349
Tiger=2.468507032
AmericanMink=1.752446559
Megabat=3.279315538
Microbat=6.766307191
Armadillo=2.350306837
TasmanianDevil=1.387229111
Opossum=0.720618638
Koala=2.238559257
Hedgehog=1.406562523
Hyrax=1.78216866
Rabbit=1.296777344
Pika=1.379832179
Platypus=2.654812539
Sloth=3.849311941
Marmoset=3.600574063
Bushbaby=2.754646573
Human=12.29863071
Tarsier=2.392980648
NakedMoleRatMale=4.560731617
GuineaPig=1.715393269
LongTailedChinchilla=2.372016445
GoldenHamster=0.69559356
PrairieVole=1.042883691
NorthernAmericanDeerMouse=1.765163977
LesserEgyptianJerboa=1.33527089
KangarooRat=1.830901874
MongolianGerbil=1.235650801
Mouse=0.956277545
Rat=0.692273011
Degu=2.266360794
Squirrel=1.292816198
Shrew=1.080427593
BengaleseFinch=2.674117164
Chicken=3.731202072
DarkEyedJunco=2.783695933
Duck=4.422483614
WhiteThroatedSparrow=3.454685982
Donkey=4.34604178
